,tweet_id,favorites,retweet_count
0,666020888022790149,2560,518
1,666029285002620928,130,47
2,666033412701032449,125,44
3,666044226329800704,299,141
4,666049248165822465,109,40
5,666050758794694657,132,58
6,666051853826850816,1228,854
7,666055525042405380,436,257
8,666057090499244032,297,142
9,666058600524156928,112,57
10,666063827256086533,479,223
11,666071193221509120,148,62
12,666073100786774016,323,166
13,666082916733198337,119,45
14,666094000022159362,165,76
15,666099513787052032,158,69
16,666102155909144576,80,13
17,666104133288665088,14400,6659
18,666268910803644416,104,35
19,666273097616637952,176,76
20,666287406224695296,149,68
21,666293911632134144,510,358
22,666337882303524864,199,92
23,666345417576210432,300,140
24,666353288456101888,221,73
25,666362758909284353,781,577
26,666373753744588802,190,93
27,666396247373291520,168,86
28,666407126856765440,110,41
29,666411507551481857,450,330
30,666418789513326592,126,47
31,666421158376562688,319,114
32,666428276349472768,166,84
33,666430724426358785,321,199
34,666435652385423360,168,54
35,666437273139982337,129,50
36,666447344410484738,105,22
37,666454714377183233,529,212
38,666644823164719104,235,85
39,666649482315059201,897,592
40,666691418707132416,190,48
41,666701168228331520,439,223
42,666739327293083650,240,66
43,666776908487630848,360,178
44,666781792255496192,396,203
45,666786068205871104,778,498
46,666804364988780544,244,94
47,666817836334096384,531,258
48,666826780179869698,258,98
49,666835007768551424,220,80
50,666837028449972224,838,568
51,666983947667116034,2614,1013
52,666996132027977728,248,98
53,667012601033924608,459,234
54,667044094246576128,191,51
55,667062181243039745,221,56
56,667065535570550784,169,49
57,667073648344346624,412,127
58,667090893657276420,339,130
59,667119796878725120,335,133
60,667138269671505920,4739,2306
61,667152164079423490,49021,17792
62,667160273090932737,262,65
63,667165590075940865,2756,1190
64,667171260800061440,228,95
65,667174963120574464,255,86
66,667176164155375616,627,474
67,667177989038297088,194,57
68,667182792070062081,14749,6455
69,667188689915760640,766,431
70,667192066997374976,400,110
71,667200525029539841,630,272
72,667211855547486208,505,250
73,667369227918143488,376,169
74,667393430834667520,200,58
75,667405339315146752,476,225
76,667435689202614272,312,85
77,667437278097252352,463,248
78,667443425659232256,806,605
79,667453023279554560,320,93
80,667455448082227200,195,65
81,667470559035432960,264,101
82,667491009379606528,549,237
83,667495797102141441,545,287
84,667502640335572993,546,227
85,667509364010450944,6987,2215
86,667517642048163840,379,198
87,667524857454854144,1751,1167
88,667530908589760512,488,254
89,667534815156183040,844,561
90,667538891197542400,209,70
91,667544320556335104,895,549
92,667546741521195010,342,132
93,667549055577362432,5977,2393
94,667550882905632768,0,33
95,667550904950915073,0,35
96,667724302356258817,503,332
97,667728196545200128,384,158
98,667766675769573376,461,229
99,667773195014021121,240,59
100,667782464991965184,425,253
101,667793409583771648,719,343
102,667801013445750784,338,98
103,667806454573760512,1091,524
104,667832474953625600,294,65
105,667861340749471744,250,81
106,667866724293877760,3098,1083
107,667873844930215936,651,427
108,667878741721415682,402,124
109,667885044254572545,846,508
110,667886921285246976,1967,1149
111,667902449697558528,876,390
112,667911425562669056,511,318
113,667915453470232577,217,58
114,667924896115245057,309,117
115,667937095915278337,1317,838
116,668113020489474048,688,258
117,668142349051129856,580,302
118,668154635664932864,512,330
119,668171859951755264,509,202
120,668190681446379520,673,205
121,668204964695683073,570,204
122,668221241640230912,525,209
123,668226093875376128,316,110
124,668237644992782336,6438,2997
125,668248472370458624,1026,511
126,668256321989451776,1352,650
127,668268907921326080,573,251
128,668274247790391296,855,241
129,668286279830867968,523,143
130,668291999406125056,259,34
131,668297328638447616,643,313
132,668466899341221888,920,544
133,668480044826800133,478,155
134,668484198282485761,442,248
135,668496999348633600,426,139
136,668507509523615744,337,113
137,668528771708952576,484,237
138,668537837512433665,258,78
139,668542336805281792,484,226
140,668544745690562560,542,239
141,668567822092664832,255,61
142,668614819948453888,634,333
143,668620235289837568,216,46
144,668623201287675904,1505,826
145,668625577880875008,410,140
146,668627278264475648,332,122
147,668631377374486528,747,338
148,668633411083464705,2938,1742
149,668636665813057536,1083,510
150,668641109086707712,1121,563
151,668643542311546881,922,560
152,668645506898350081,934,573
153,668655139528511488,551,229
154,668779399630725120,730,396
155,668815180734689280,595,285
156,668826086256599040,456,147
157,668852170888998912,470,174
158,668872652652679168,548,313
159,668892474547511297,412,161
160,668902994700836864,330,106
161,668932921458302977,281,60
162,668955713004314625,294,74
163,668960084974809088,736,251
164,668975677807423489,1364,619
165,668979806671884288,826,373
166,668981893510119424,563,326
167,668986018524233728,574,177
168,668988183816871936,934,500
169,668989615043424256,709,345
170,668992363537309700,778,369
171,668994913074286592,458,247
172,669000397445533696,21667,6728
173,669006782128353280,597,264
174,669015743032369152,768,392
175,669037058363662336,683,328
176,669203728096960512,1046,503
177,669214165781868544,460,178
178,669216679721873412,938,407
179,669324657376567296,513,216
180,669327207240699904,599,121
181,669328503091937280,1049,440
182,669351434509529089,460,198
183,669353438988365824,670,269
184,669354382627049472,2813,1342
185,669359674819481600,381,131
186,669363888236994561,651,242
187,669367896104181761,475,166
188,669371483794317312,515,190
189,669375718304980992,1389,764
190,669393256313184256,378,81
191,669564461267722241,401,130
192,669567591774625800,243,60
193,669571471778410496,1647,1059
194,669573570759163904,450,152
195,669583744538451968,1547,988
196,669597912108789760,532,160
197,669603084620980224,984,391
198,669625907762618368,3677,1910
199,669661792646373376,838,463
200,669680153564442624,696,304
201,669682095984410625,367,140
202,669683899023405056,408,116
203,669749430875258880,283,68
204,669753178989142016,841,425
205,669923323644657664,245,61
206,669926384437997569,394,111
207,669942763794931712,528,179
208,669970042633789440,313,64
209,669972011175813120,461,171
210,669993076832759809,336,89
211,670003130994700288,344,97
212,670037189829525505,609,296
213,670040295598354432,782,117
214,670046952931721218,673,187
215,670055038660800512,695,350
216,670061506722140161,795,367
217,670069087419133954,659,260
218,670073503555706880,1626,838
219,670079681849372674,2319,1334
220,670086499208155136,725,267
221,670093938074779648,1078,357
222,670290420111441920,735,300
223,670303360680108032,442,143
224,670319130621435904,4007,1307
225,670338931251150849,443,118
226,670361874861563904,340,71
227,670374371102445568,767,286
228,670385711116361728,581,227
229,670403879788544000,449,168
230,670408998013820928,579,237
231,670411370698022913,2123,957
232,670417414769758208,589,341
233,670420569653809152,655,332
234,670421925039075328,1363,680
235,670427002554466305,537,174
236,670428280563085312,1443,674
237,670433248821026816,335,121
238,670434127938719744,1459,687
239,670435821946826752,1094,555
240,670442337873600512,676,206
241,670444955656130560,6972,2089
242,670449342516494336,1234,710
243,670452855871037440,568,220
244,670465786746662913,1010,587
245,670468609693655041,364,89
246,670474236058800128,1588,809
247,670668383499735048,11156,5346
248,670676092097810432,261,45
249,670679630144274432,778,307
250,670691627984359425,610,256
251,670704688707301377,791,391
252,670717338665226240,1264,526
253,670727704916926465,864,390
254,670733412878163972,995,537
255,670755717859713024,466,120
256,670764103623966721,1115,450
257,670778058496974848,340,76
258,670780561024270336,805,304
259,670782429121134593,1640,830
260,670783437142401025,850,419
261,670786190031921152,625,213
262,670789397210615808,689,254
263,670792680469889025,866,292
264,670797304698376195,756,248
265,670803562457407488,350,93
266,670804601705242624,2044,1003
267,670807719151067136,1189,519
268,670811965569282048,1172,284
269,670815497391357952,3306,1641
270,670822709593571328,633,102
271,670823764196741120,803,201
272,670826280409919488,5792,4313
273,670832455012716544,763,231
274,670833812859932673,463,132
275,670838202509447168,1158,736
276,670840546554966016,617,206
277,670842764863651840,25515,9292
278,670995969505435648,1150,308
279,671109016219725825,1189,463
280,671115716440031232,1404,816
281,671122204919246848,3636,2683
282,671134062904504320,776,204
283,671138694582165504,966,425
284,671141549288370177,1210,690
285,671147085991960577,698,241
286,671151324042559489,695,161
287,671154572044468225,746,229
288,671159727754231808,388,86
289,671163268581498880,1728,1172
290,671166507850801152,906,375
291,671182547775299584,1163,362
292,671186162933985280,767,227
293,671347597085433856,1010,460
294,671355857343524864,496,118
295,671357843010908160,416,155
296,671362598324076544,1164,310
297,671390180817915904,1470,781
298,671485057807351808,792,243
299,671486386088865792,606,216
300,671488513339211776,1049,495
301,671497587707535361,956,472
302,671504605491109889,7323,3741
303,671511350426865664,1678,770
304,671518598289059840,981,306
305,671520732782923777,1452,561
306,671528761649688577,874,272
307,671533943490011136,1068,610
308,671536543010570240,1224,433
309,671538301157904385,961,417
310,671542985629241344,1136,598
311,671544874165002241,2073,1109
312,671547767500775424,1408,632
313,671561002136281088,13378,7678
314,671729906628341761,8882,4627
315,671735591348891648,1499,791
316,671743150407421952,766,240
317,671744970634719232,1396,816
318,671763349865160704,1744,975
319,671768281401958400,1239,552
320,671789708968640512,7334,3689
321,671855973984772097,955,482
322,671866342182637568,1168,530
323,671874878652489728,1298,584
324,671879137494245376,1476,728
325,671882082306625538,3601,1453
326,671891728106971137,1376,594
327,671896809300709376,8790,4390
328,672068090318987265,1350,545
329,672082170312290304,978,387
330,672095186491711488,1034,387
331,672125275208069120,2501,1209
332,672139350159835138,1820,766
333,672160042234327040,905,381
334,672169685991993344,1057,393
335,672205392827572224,2346,1224
336,672222792075620352,813,224
337,672231046314901505,1914,1064
338,672239279297454080,926,335
339,672245253877968896,712,164
340,672248013293752320,1791,639
341,672254177670729728,1481,781
342,672256522047614977,2925,1651
343,672264251789176834,1190,363
344,672267570918129665,1555,645
345,672272411274932228,6710,3586
346,672466075045466113,1410,572
347,672475084225949696,1492,740
348,672481316919734272,739,128
349,672482722825261057,1177,640
350,672488522314567680,1155,465
351,672523490734551040,676,181
352,672538107540070400,1066,394
353,672591271085670400,756,198
354,672591762242805761,989,350
355,672594978741354496,1377,641
356,672604026190569472,1159,431
357,672609152938721280,1157,410
358,672614745925664768,1270,622
359,672622327801233409,1345,523
360,672640509974827008,1010,340
361,672828477930868736,1305,518
362,672834301050937345,1367,607
363,672877615439593473,1067,391
364,672884426393653248,1618,879
365,672898206762672129,923,445
366,672902681409806336,1419,533
367,672964561327235073,1477,680
368,672968025906282496,1368,583
369,672970152493887488,994,375
370,672975131468300288,1752,975
371,672980819271634944,1875,1052
372,672984142909456390,1296,573
373,672988786805112832,1011,305
374,672995267319328768,992,316
375,672997845381865473,2041,764
376,673148804208660480,1772,668
377,673213039743795200,2345,900
378,673240798075449344,1471,771
379,673270968295534593,1105,394
380,673295268553605120,7834,3374
381,673317986296586240,902,280
382,673320132811366400,14077,8452
383,673342308415348736,1317,630
384,673343217010679808,1010,283
385,673345638550134785,2622,1371
386,673350198937153538,762,223
387,673352124999274496,1718,575
388,673355879178194945,1550,625
389,673359818736984064,1516,711
390,673363615379013632,1063,330
391,673576835670777856,1439,596
392,673580926094458881,861,284
393,673583129559498752,1240,391
394,673612854080196609,1656,773
395,673636718965334016,1168,394
396,673656262056419329,746,258
397,673662677122719744,1301,384
398,673680198160809984,1427,499
399,673686845050527744,1504,465
400,673688752737402881,1316,524
401,673689733134946305,1816,689
402,673697980713705472,3962,2091
403,673700254269775872,1492,608
404,673705679337693185,1306,422
405,673707060090052608,1143,419
406,673708611235921920,1116,308
407,673709992831262724,886,296
408,673711475735838725,1083,317
409,673715861853720576,3697,2233
410,673887867907739649,973,267
411,673906403526995968,3324,1739
412,673919437611909120,1215,388
413,673956914389192708,2035,1031
414,674008982932058114,1251,376
415,674014384960745472,1637,693
416,674019345211760640,1180,322
417,674024893172875264,1868,1307
418,674036086168010753,878,233
419,674038233588723717,1147,436
420,674042553264685056,750,136
421,674045139690631169,1476,688
422,674051556661161984,1514,515
423,674053186244734976,3480,1398
424,674063288070742018,6649,2378
425,674075285688614912,1021,305
426,674082852460433408,784,181
427,674255168825880576,1531,600
428,674262580978937856,1356,488
429,674265582246694913,1709,900
430,674269164442398721,935,245
431,674271431610523648,1635,776
432,674291837063053312,15447,6325
433,674318007229923329,1478,551
434,674372068062928900,889,330
435,674394782723014656,1563,614
436,674410619106390016,1249,500
437,674416750885273600,711,149
438,674422304705744896,1491,567
439,674436901579923456,1166,420
440,674447403907457024,1110,382
441,674468880899788800,6503,2207
442,674632714662858753,1565,615
443,674638615994089473,1753,628
444,674644256330530816,1075,295
445,674646392044941312,1499,537
446,674664755118911488,963,271
447,674670581682434048,1692,699
448,674690135443775488,1199,499
449,674737130913071104,673,99
450,674739953134403584,1173,422
451,674743008475090944,1469,587
452,674752233200820224,1540,500
453,674754018082705410,1426,481
454,674764817387900928,825,258
455,674767892831932416,1922,858
456,674774481756377088,1181,513
457,674781762103414784,2100,1299
458,674788554665512960,844,223
459,674790488185167872,1152,271
460,674793399141146624,2632,1174
461,674800520222154752,3151,929
462,674805413498527744,906,380
463,674999807681908736,2363,1190
464,675003128568291329,1625,505
465,675006312288268288,1024,242
466,675015141583413248,2843,1290
467,675047298674663426,1111,354
468,675109292475830276,2927,1216
469,675111688094527488,1010,272
470,675113801096802304,2053,842
471,675135153782571009,1362,529
472,675145476954566656,2243,967
473,675146535592706048,1255,338
474,675147105808306176,994,260
475,675149409102012420,3931,1815
476,675153376133427200,6614,2807
477,675166823650848770,3804,1743
478,675334060156301312,2922,1389
479,675349384339542016,4140,2444
480,675354435921575936,34444,18483
481,675362609739206656,1102,250
482,675372240448454658,1798,545
483,675432746517426176,1597,613
484,675483430902214656,1942,1047
485,675489971617296384,1361,643
486,675497103322386432,3308,1402
487,675501075957489664,18056,6275
488,675517828909424640,1376,492
489,675522403582218240,1092,307
490,675531475945709568,1243,415
491,675534494439489536,1905,452
492,675706639471788032,679,103
493,675707330206547968,2102,745
494,675710890956750848,1995,899
495,675740360753160193,1224,373
496,675781562965868544,1702,513
497,675798442703122432,10823,3659
498,675820929667219457,1109,247
499,675822767435051008,1607,574
500,675845657354215424,2407,966
501,675853064436391936,2842,1410
502,675870721063669760,1735,611
503,675878199931371520,4415,1526
504,675888385639251968,2515,1037
505,675891555769696257,2248,946
506,675898130735476737,1727,629
507,676089483918516224,1384,463
508,676098748976615425,3187,1561
509,676101918813499392,2962,1250
510,676146341966438401,2026,723
511,676191832485810177,2401,1112
512,676215927814406144,1832,638
513,676219687039057920,79070,33709
514,676237365392908289,1290,321
515,676263575653122048,2186,591
516,676430933382295552,1473,373
517,676440007570247681,1818,727
518,676470639084101634,12330,5074
519,676496375194980353,1597,578
520,676533798876651520,1979,604
521,676575501977128964,2730,1219
522,676582956622721024,1272,304
523,676588346097852417,2469,865
524,676603393314578432,1234,425
525,676606785097199616,1991,478
526,676613908052996102,1151,210
527,676617503762681856,3062,1070
528,676776431406465024,5278,2186
529,676811746707918848,1501,458
530,676819651066732545,1909,721
531,676821958043033607,24474,17015
532,676864501615042560,2229,780
533,676897532954456065,2381,787
534,676936541936185344,13474,5352
535,676942428000112642,2201,831
536,676946864479084545,1802,410
537,676948236477857792,2297,951
538,676949632774234114,1373,428
539,676957860086095872,2336,883
540,676975532580409345,2937,1168
541,677187300187611136,2900,999
542,677228873407442944,3751,1781
543,677269281705472000,2106,766
544,677301033169788928,1320,451
545,677314812125323265,1749,586
546,677328882937298944,3856,1631
547,677331501395156992,1154,257
548,677334615166730240,1437,320
549,677530072887205888,1130,244
550,677547928504967168,7363,3960
551,677557565589463040,2590,1269
552,677565715327688705,1369,499
553,677573743309385728,2272,798
554,677644091929329666,1996,868
555,677662372920729601,2074,1064
556,677673981332312066,3545,1632
557,677687604918272002,2626,918
558,677698403548192770,1299,348
559,677700003327029250,3600,1566
560,677716515794329600,3242,1065
561,677895101218201600,5141,2312
562,677918531514703872,1436,444
563,678021115718029313,14647,6951
564,678255464182861824,1687,406
565,678278586130948096,12230,6641
566,678334497360859136,1383,292
567,678341075375947776,1838,590
568,678380236862578688,2593,987
569,678389028614488064,1989,459
570,678396796259975168,1690,459
571,678399652199309312,61826,30258
572,678410210315247616,4523,1998
573,678424312106393600,5775,2787
574,678446151570427904,4262,1726
575,678643457146150913,2183,468
576,678675843183484930,3069,1633
577,678740035362037760,4000,1870
578,678755239630127104,7624,3635
579,678764513869611008,1741,526
580,678767140346941444,3765,1506
581,678774928607469569,2967,1011
582,678798276842360832,3723,1302
583,678800283649069056,2746,988
584,678969228704284672,1746,506
585,678991772295516161,2485,1282
586,679047485189439488,2410,751
587,679062614270468097,18268,9033
588,679111216690831360,6369,2810
589,679132435750195208,3168,1274
590,679148763231985668,2960,1130
591,679158373988876288,22979,8907
592,679462823135686656,33973,20677
593,679475951516934144,2246,703
594,679503373272485890,3382,1626
595,679511351870550016,3605,1414
596,679527802031484928,2831,801
597,679530280114372609,5085,2274
598,679722016581222400,1770,519
599,679729593985699840,2313,906
600,679736210798047232,2238,882
601,679777920601223168,3293,1231
602,679828447187857408,38776,15383
603,679844490799091713,2535,855
604,679854723806179328,3072,1356
605,679862121895714818,2632,684
606,679877062409191424,2098,706
607,680055455951884288,17870,7820
608,680070545539371008,2744,961
609,680085611152338944,13665,9767
610,680100725817409536,3812,1504
611,680115823365742593,2899,1002
612,680130881361686529,2454,1043
613,680145970311643136,3869,1907
614,680161097740095489,2473,801
615,680176173301628928,4168,1714
616,680191257256136705,2294,560
617,680206703334408192,3035,1289
618,680221482581123072,1556,318
619,680440374763077632,1550,551
620,680473011644985345,2711,821
621,680494726643068929,1831,528
622,680497766108381184,4528,2102
623,680583894916304897,3852,1473
624,680609293079592961,2817,784
625,680798457301471234,3057,1144
626,680801747103793152,2531,906
627,680836378243002368,3686,1465
628,680889648562991104,1889,403
629,680913438424612864,2556,679
630,680934982542561280,2220,484
631,680940246314430465,3449,1165
632,680959110691590145,4872,2182
633,680970795137544192,2595,725
634,681193455364796417,3971,1636
635,681231109724700672,2556,529
636,681242418453299201,1602,600
637,681261549936340994,1556,300
638,681281657291280384,3440,1210
639,681297372102656000,3402,1054
640,681302363064414209,4228,2011
641,681320187870711809,2847,840
642,681339448655802368,9949,4461
643,681523177663676416,15349,6406
644,681579835668455424,3803,1442
645,681610798867845120,2048,518
646,681654059175129088,2832,1022
647,681679526984871937,1879,488
648,681694085539872773,13693,4442
649,681891461017812993,2643,914
650,681981167097122816,2967,1132
651,682003177596559360,3372,1675
652,682032003584274432,7050,2218
653,682047327939461121,3438,1062
654,682059653698686977,5320,1863
655,682242692827447297,3485,1300
656,682259524040966145,4471,1344
657,682303737705140231,3300,1097
658,682389078323662849,1786,511
659,682393905736888321,2385,750
660,682406705142087680,8122,1944
661,682429480204398592,3669,1274
662,682638830361513985,2203,659
663,682662431982772225,3263,1178
664,682697186228989953,1409,393
665,682750546109968385,1629,479
666,682788441537560576,2646,1232
667,682962037429899265,39731,18396
668,683030066213818368,2314,805
669,683078886620553216,2126,617
670,683098815881154561,2320,717
671,683111407806746624,3642,1005
672,683142553609318400,3086,1148
673,683357973142474752,3159,1035
674,683391852557561860,8146,2620
675,683449695444799489,4173,1768
676,683462770029932544,2612,736
677,683481228088049664,2817,1088
678,683498322573824003,3393,1053
679,683742671509258241,6989,3666
680,683773439333797890,3590,1486
681,683828599284170753,2988,1160
682,683834909291606017,2810,1215
683,683849932751646720,2810,1079
684,683852578183077888,2062,385
685,683857920510050305,4062,1225
686,684097758874210310,4405,1576
687,684122891630342144,2133,525
688,684177701129875456,2165,739
689,684188786104872960,3728,1293
690,684195085588783105,2053,571
691,684200372118904832,2328,1134
692,684222868335505415,4121,1522
693,684225744407494656,1329,232
694,684241637099323392,8757,3626
695,684460069371654144,2114,611
696,684481074559381504,4145,1287
697,684538444857667585,2844,1060
698,684567543613382656,3225,1361
699,684594889858887680,9583,3889
700,684800227459624960,2910,1090
701,684880619965411328,2250,911
702,684902183876321280,2006,585
703,684914660081053696,3754,1609
704,684926975086034944,3761,522
705,684940049151070208,3446,1152
706,684959798585110529,7152,3441
707,685169283572338688,4386,1567
708,685198997565345792,2491,736
709,685268753634967552,3328,1333
710,685307451701334016,2213,482
711,685315239903100929,3587,1186
712,685321586178670592,2842,712
713,685325112850124800,10194,4397
714,685532292383666176,3264,1269
715,685547936038666240,35370,17233
716,685641971164143616,3138,853
717,685663452032069632,3478,1606
718,685667379192414208,2506,634
719,685906723014619143,8073,3198
720,685943807276412928,1758,674
721,685973236358713344,2264,590
722,686003207160610816,1951,704
723,686007916130873345,2649,459
724,686034024800862208,3343,1289
725,686050296934563840,2367,810
726,686358356425093120,2355,751
727,686377065986265092,2376,620
728,686386521809772549,3479,974
729,686606069955735556,2022,595
730,686618349602762752,3944,1494
731,686683045143953408,3006,884
732,686730991906516992,4449,1315
733,686749460672679938,3732,1608
734,686947101016735744,9232,3486
735,687096057537363968,2403,671
736,687102708889812993,2508,1091
737,687109925361856513,6221,2715
738,687124485711986689,2318,557
739,687127927494963200,5863,2516
740,687312378585812992,4670,2090
741,687317306314240000,21571,10069
742,687460506001633280,2185,594
743,687476254459715584,2123,592
744,687480748861947905,1714,273
745,687494652870668288,2052,632
746,687664829264453632,2079,564
747,687704180304273409,2616,928
748,687807801670897665,2561,766
749,687818504314159109,2682,1048
750,687826841265172480,2928,1253
751,688064179421470721,1837,394
752,688116655151435777,3023,862
753,688179443353796608,2267,645
754,688211956440801280,2381,919
755,688385280030670848,9979,4887
756,688519176466644993,2470,799
757,688547210804498433,2791,770
758,688789766343622656,2376,728
759,688804835492233216,1024,215
760,688828561667567616,1472,406
761,688894073864884227,2389,769
762,688898160958271489,2253,864
763,688908934925697024,2268,847
764,688916208532455424,2927,959
765,689143371370250240,2179,568
766,689154315265683456,3280,1102
767,689275259254616065,1239,272
768,689280876073582592,2145,788
769,689283819090870273,3527,1212
770,689289219123089408,2411,1014
771,689517482558820352,3633,1567
772,689557536375177216,2206,509
773,689599056876867584,12476,6066
774,689623661272240129,2402,717
775,689659372465688576,11154,4276
776,689661964914655233,3423,1015
777,689835978131935233,2318,824
778,689877686181715968,3233,1303
779,689905486972461056,2596,759
780,689977555533848577,1463,489
781,689999384604450816,1526,413
782,690005060500217858,3918,1852
783,690015576308211712,2686,808
784,690021994562220032,2995,1137
785,690248561355657216,1804,454
786,690360449368465409,2850,977
787,690374419777196032,3483,949
788,690400367696297985,2000,495
789,690597161306841088,2107,659
790,690649993829576704,1399,307
791,690690673629138944,2490,868
792,690728923253055490,2321,570
793,690735892932222976,4043,1405
794,690932576555528194,3529,1117
795,690938899477221376,4435,2188
796,690959652130045952,3830,1382
797,691090071332753408,1827,372
798,691096613310316544,3174,982
799,691321916024623104,2767,723
800,691416866452082688,20764,8396
801,691444869282295808,2841,932
802,691459709405118465,4353,1254
803,691483041324204033,2544,629
804,691675652215414786,2078,559
805,691756958957883396,3098,1122
806,691820333922455552,4227,1803
807,692017291282812928,3075,1050
808,692142790915014657,1758,430
809,692158366030913536,2310,875
810,692187005137076224,2698,901
811,692417313023332352,10054,3808
812,692530551048294401,1979,459
813,692535307825213440,3426,1487
814,692568918515392513,4654,1686
815,692752401762250755,7321,3987
816,692828166163931137,3085,964
817,692894228850999298,2444,884
818,692901601640583168,1919,661
819,692905862751522816,2612,963
820,692919143163629568,2861,816
821,693095443459342336,2011,506
822,693109034023534592,1843,672
823,693155686491000832,8465,3511
824,693231807727280129,3067,805
825,693262851218264065,2395,549
826,693280720173801472,3599,1362
827,693486665285931008,1899,684
828,693590843962331137,5434,2157
829,693622659251335168,1651,406
830,693629975228977152,2631,878
831,693642232151285760,2726,455
832,693647888581312512,2894,650
833,693942351086120961,1850,404
834,694001791655137281,3629,1132
835,694183373896572928,3152,1014
836,694206574471057408,4489,2236
837,694329668942569472,2150,548
838,694352839993344000,2184,679
839,694356675654983680,1615,317
840,694669722378485760,38217,15838
841,694905863685980160,2967,1028
842,695051054296211456,2855,863
843,695064344191721472,1722,659
844,695074328191332352,3046,1208
845,695095422348574720,2825,674
846,695314793360662529,3911,1619
847,695409464418041856,9224,3907
848,695446424020918272,4665,1979
849,695629776980148225,4906,2310
850,695767669421768709,2005,819
851,695794761660297217,3411,852
852,695816827381944320,3211,1281
853,696405997980676096,3446,1247
854,696488710901260288,2726,1131
855,696713835009417216,2546,716
856,696754882863349760,1577,388
857,696877980375769088,2623,781
858,696886256886657024,5181,1958
859,696894894812565505,2520,739
860,696900204696625153,3425,1123
861,697242256848379904,2695,731
862,697255105972801536,3239,1272
863,697259378236399616,3526,1091
864,697270446429966336,5000,2034
865,697463031882764288,3655,1512
866,697482927769255936,2592,741
867,697575480820686848,2190,552
868,697596423848730625,3246,1379
869,697616773278015490,3384,1103
870,697881462549430272,3243,1299
871,697943111201378304,2573,756
872,697990423684476929,3522,1416
873,697995514407682048,1631,364
874,698178924120031232,3014,806
875,698195409219559425,17984,6548
876,698262614669991936,5097,2202
877,698342080612007937,2433,1041
878,698355670425473025,2005,492
879,698549713696649216,2487,679
880,698635131305795584,1375,374
881,698703483621523456,1557,413
882,698710712454139905,2653,752
883,698907974262222848,2725,680
884,698953797952008193,2903,984
885,698989035503689728,3632,1080
886,699036661657767936,2796,1307
887,699072405256409088,3221,1294
888,699079609774645248,2622,717
889,699088579889332224,2394,690
890,699323444782047232,3384,949
891,699370870310113280,2013,482
892,699413908797464576,2208,675
893,699423671849451520,1468,362
894,699434518667751424,2327,559
895,699446877801091073,6356,2860
896,699691744225525762,10988,5027
897,699775878809702401,2096,668
898,699779630832685056,2965,1356
899,699788877217865730,2411,543
900,699801817392291840,3267,1056
901,700002074055016451,3543,1474
902,700029284593901568,2214,636
903,700062718104104960,2826,760
904,700143752053182464,8084,3025
905,700151421916807169,2399,726
906,700167517596164096,2840,817
907,700462010979500032,4446,1971
908,700505138482569216,2441,624
909,700518061187723268,2820,874
910,700747788515020802,24518,10293
911,700796979434098688,2611,1045
912,700847567345688576,2605,545
913,700864154249383937,2780,669
914,700890391244103680,2384,629
915,701214700881756160,13123,5625
916,701545186879471618,2839,664
917,701570477911896070,3012,1023
918,701601587219795968,2237,503
919,701889187134500865,3816,1509
920,701952816642965504,4085,1113
921,701981390485725185,3686,1082
922,702217446468493312,5147,1468
923,702276748847800320,2648,834
924,702321140488925184,3515,1129
925,702539513671897089,3073,1055
926,702598099714314240,11082,3598
927,702671118226825216,2343,613
928,702684942141153280,3442,1177
929,702932127499816960,2777,793
930,703041949650034688,28308,13748
931,703079050210877440,7902,3382
932,703268521220972544,2108,607
933,703356393781329922,2040,422
934,703382836347330562,3755,1250
935,703407252292673536,2638,761
936,703425003149250560,4077,1513
937,703611486317502464,4135,1664
938,703631701117943808,2780,757
939,703769065844768768,3525,1242
940,703774238772166656,1977,510
941,704054845121142784,3131,1001
942,704113298707505153,1990,616
943,704347321748819968,1692,386
944,704364645503647744,8606,3886
945,704480331685040129,3644,1157
946,704499785726889984,3147,1090
947,704761120771465216,7108,3177
948,704819833553219584,2831,1105
949,704847917308362754,5473,1681
950,704859558691414016,2411,600
951,704871453724954624,4553,1218
952,705066031337840642,2328,662
953,705102439679201280,2302,565
954,705223444686888960,2763,881
955,705239209544720384,3210,818
956,705428427625635840,4083,1860
957,705442520700944385,4767,1805
958,705475953783398401,3166,1012
959,705591895322394625,3395,1265
960,705786532653883392,2089,578
961,705898680587526145,2540,620
962,705970349788291072,3366,975
963,705975130514706432,3320,808
964,706166467411222528,5509,1764
965,706265994973601792,2915,1001
966,706291001778950144,1817,511
967,706310011488698368,22934,8752
968,706346369204748288,3681,1004
969,706516534877929472,3311,1127
970,706538006853918722,3699,1539
971,706593038911545345,2308,688
972,706644897839910912,2757,1195
973,706681918348251136,3549,1058
974,706901761596989440,2211,661
975,707014260413456384,2463,647
976,707021089608753152,4343,1501
977,707038192327901184,2352,874
978,707059547140169728,2751,740
979,707297311098011648,2948,877
980,707315916783140866,2634,703
981,707377100785885184,3521,1178
982,707387676719185920,3751,1428
983,707411934438625280,2430,652
984,707420581654872064,2439,763
985,707610948723478529,18132,7022
986,707693576495472641,3660,1095
987,707741517457260545,2659,668
988,707776935007539200,3501,1036
989,707969809498152960,2878,1059
990,707995814724026368,3317,1225
991,708026248782585858,4664,2103
992,708109389455101952,2067,589
993,708119489313951744,2870,1067
994,708130923141795840,3618,915
995,708149363256774660,4561,1686
996,708349470027751425,2514,806
997,708356463048204288,3857,1471
998,708469915515297792,3284,894
999,708479650088034305,2719,740
1000,708711088997666817,2725,795
1001,708738143638450176,2927,887
1002,708810915978854401,17642,7611
1003,708834316713893888,1821,549
1004,708845821941387268,3168,979
1005,709042156699303936,5091,1799
1006,709158332880297985,2186,453
1007,709198395643068416,2571,699
1008,709207347839836162,13460,6374
1009,709225125749587968,2558,627
1010,709409458133323776,2798,761
1011,709449600415961088,2373,646
1012,709519240576036864,1588,263
1013,709556954897764353,3507,1163
1014,709566166965075968,3772,1320
1015,709852847387627521,3746,1301
1016,709901256215666688,719,109
1017,709918798883774466,3184,1169
1018,710117014656950272,5863,2175
1019,710140971284037632,2955,976
1020,710153181850935296,3099,971
1021,710269109699739648,2562,1228
1022,710272297844797440,4830,1377
1023,710283270106132480,2275,563
1024,710588934686908417,4871,2050
1025,710658690886586372,2463,616
1026,710833117892898816,2875,586
1027,710844581445812225,2720,749
1028,710997087345876993,4859,1517
1029,711008018775851008,3197,683
1030,711306686208872448,3527,797
1031,711363825979756544,3907,1243
1032,711652651650457602,4128,1001
1033,711694788429553666,35081,19930
1034,711732680602345472,9510,4509
1035,711743778164514816,3032,1074
1036,711968124745228288,8594,2522
1037,711998809858043904,0,137
1038,712065007010385924,2415,685
1039,712085617388212225,3451,530
1040,712092745624633345,3135,984
1041,712097430750289920,4052,1135
1042,712438159032893441,5676,1703
1043,712668654853337088,4438,1328
1044,712717840512598017,13199,5453
1045,712809025985978368,19868,7355
1046,713175907180089344,4756,1585
1047,713177543487135744,7678,3098
1048,713411074226274305,4705,1409
1049,713761197720473600,5192,1499
1050,713900603437621249,3015,811
1051,713919462244790272,3486,849
1052,714141408463036416,4581,1529
1053,714214115368108032,2420,961
1054,714251586676113411,3484,918
1055,714258258790387713,3207,782
1056,714606013974974464,3859,1016
1057,714631576617938945,3485,1091
1058,714957620017307648,4410,1550
1059,714982300363173890,4006,1128
1060,715009755312439296,4448,1349
1061,715200624753819648,5464,2055
1062,715220193576927233,2571,716
1063,715342466308784130,3217,747
1064,715360349751484417,5835,1716
1065,715680795826982913,4610,1770
1066,715696743237730304,4166,1408
1067,715733265223708672,4975,1851
1068,715928423106027520,3413,956
1069,716080869887381504,5211,1898
1070,716285507865542656,2966,1188
1071,716439118184652801,2517,239
1072,716791146589110272,5898,1514
1073,716802964044845056,4546,1277
1074,717009362452090881,3490,1068
1075,717047459982213120,6676,2078
1076,717421804990701568,3365,922
1077,717537687239008257,6146,2005
1078,717790033953034240,3090,1230
1079,717841801130979328,2611,649
1080,718234618122661888,4123,1089
1081,718246886998687744,2054,547
1082,718454725339934721,5204,1640
1083,718460005985447936,2883,581
1084,718540630683709445,2655,1102
1085,718613305783398402,2609,525
1086,718631497683582976,20205,8835
1087,718939241951195136,5591,1916
1088,718971898235854848,3720,1202
1089,719332531645071360,3634,1041
1090,719339463458033665,4700,1359
1091,719367763014393856,2975,804
1092,719551379208073216,5392,2112
1093,719704490224398336,4867,1585
1094,719991154352222208,5157,1911
1095,720043174954147842,5225,2186
1096,720059472081784833,4147,1234
1097,720340705894408192,3061,1062
1098,720389942216527872,6842,2759
1099,720415127506415616,4399,1624
1100,720775346191278080,2640,743
1101,720785406564900865,3325,842
1102,721001180231503872,2687,667
1103,721503162398597120,4976,2049
1104,722613351520608256,5285,1786
1105,722974582966214656,4384,1716
1106,723179728551723008,5650,2050
1107,723673163800948736,3226,972
1108,723688335806480385,8229,3252
1109,723912936180330496,4142,1336
1110,724004602748780546,4472,1730
1111,724046343203856385,2841,607
1112,724049859469295616,4628,1928
1113,724405726123311104,5665,1800
1114,724771698126512129,2530,699
1115,724983749226668032,3954,1427
1116,725729321944506368,5530,1944
1117,725786712245440512,4443,1482
1118,725842289046749185,7522,2889
1119,726224900189511680,4710,1268
1120,726828223124897792,3787,1098
1121,726887082820554753,4095,1643
1122,726935089318363137,7341,2670
1123,727175381690781696,4132,1493
1124,727286334147182592,3240,897
1125,727314416056803329,3544,816
1126,727524757080539137,4773,1338
1127,727644517743104000,6301,1912
1128,727685679342333952,3130,696
1129,728015554473250816,4380,1194
1130,728035342121635841,4854,1832
1131,728046963732717569,4607,1282
1132,728387165835677696,3922,1042
1133,728409960103686147,5260,2202
1134,728653952833728512,3540,1139
1135,728751179681943552,2986,741
1136,728760639972315136,4987,1850
1137,728986383096946689,3384,892
1138,729113531270991872,2015,359
1139,729463711119904772,6211,2516
1140,729823566028484608,4262,1357
1141,729838605770891264,1816,418
1142,729854734790754305,4296,1221
1143,730196704625098752,5218,2113
1144,730211855403241472,4097,1148
1145,730427201120833536,3702,1141
1146,730573383004487680,5264,2360
1147,730924654643314689,6545,2167
1148,731156023742988288,4091,1390
1149,731285275100512256,3726,1074
1150,732005617171337216,15967,5971
1151,732375214819057664,8634,2749
1152,732585889486888962,3941,847
1153,732726085725589504,3772,967
1154,732732193018155009,2604,586
1155,733109485275860992,45423,17344
1156,733460102733135873,4497,1405
1157,733482008106668032,3356,1039
1158,733822306246479872,3926,1104
1159,733828123016450049,3842,853
1160,734776360183431168,2681,590
1161,734787690684657664,13431,6900
1162,734912297295085568,2923,563
1163,735137028879360001,3346,1055
1164,735256018284875776,3596,965
1165,735274964362878976,13906,5570
1166,735635087207878657,6626,2588
1167,735648611367784448,4302,1198
1168,735991953473572864,3854,1258
1169,736010884653420544,8462,3257
1170,736225175608430592,8700,3027
1171,736365877722001409,4283,1365
1172,736736130620620800,4615,1912
1173,737310737551491075,15698,8111
1174,737322739594330112,3861,882
1175,737445876994609152,11047,4894
1176,737678689543020544,5400,1466
1177,737800304142471168,10684,3796
1178,737826014890496000,5636,1940
1179,738156290900254721,2707,725
1180,738166403467907072,9421,3739
1181,738184450748633089,4625,1325
1182,738402415918125056,3509,933
1183,738537504001953792,5460,1714
1184,738883359779196928,3573,890
1185,738885046782832640,4034,1246
1186,739238157791694849,73360,50896
1187,739485634323156992,7721,3225
1188,739544079319588864,42622,23546
1189,739606147276148736,5769,1817
1190,739844404073074688,4062,933
1191,739932936087216128,4340,1183
1192,739979191639244800,21375,6509
1193,740214038584557568,7165,2156
1194,740359016048689152,3535,937
1195,740365076218183684,2658,480
1196,740373189193256964,37168,14617
1197,740676976021798912,19426,7480
1198,740699697422163968,3035,855
1199,740711788199743490,3652,1024
1200,740995100998766593,6860,3037
1201,741067306818797568,10113,3395
1202,741303864243200000,9407,3551
1203,741438259667034112,3937,916
1204,741743634094141440,8755,3035
1205,741793263812808706,4877,1658
1206,742150209887731712,5525,1713
1207,742161199639494656,4652,1510
1208,742385895052087300,7286,2188
1209,742423170473463808,10566,4179
1210,742465774154047488,7776,4254
1211,742528092657332225,4768,2182
1212,743210557239623680,4114,1502
1213,743222593470234624,6653,2098
1214,743253157753532416,4531,1330
1215,743510151680958465,8466,4061
1216,743545585370791937,3775,1035
1217,743595368194129920,19811,7224
1218,743609206067040256,4810,1512
1219,743895849529389061,3914,1052
1220,743980027717509120,4454,1199
1221,744234799360020481,128339,77382
1222,744334592493166593,7253,2358
1223,744709971296780288,6008,1710
1224,744971049620602880,8451,2960
1225,744995568523612160,3209,692
1226,745057283344719872,7772,2514
1227,745314880350101504,7693,3055
1228,745422732645535745,9218,2688
1229,745433870967832576,7635,2797
1230,745712589599014916,7484,2557
1231,745789745784041472,4348,1171
1232,746056683365994496,3811,906
1233,746131877086527488,7406,2423
1234,746369468511756288,6501,1812
1235,746507379341139972,4984,1190
1236,746726898085036033,6494,1970
1237,746790600704425984,5234,1759
1238,746818907684614144,5691,1893
1239,746872823977771008,6438,2365
1240,746906459439529985,3104,328
1241,747103485104099331,10321,4421
1242,747204161125646336,3642,1010
1243,747219827526344708,5681,1737
1244,747461612269887489,4164,1143
1245,747512671126323200,5982,1744
1246,747594051852075008,3968,1163
1247,747600769478692864,2499,601
1248,747816857231626240,5228,1284
1249,747844099428986880,3019,823
1250,747885874273214464,3179,1093
1251,747933425676525569,7136,2814
1252,747963614829678593,6242,2377
1253,748307329658011649,3955,792
1254,748324050481647620,3993,844
1255,748346686624440324,5620,1367
1256,748568946752774144,2349,746
1257,748575535303884801,6546,2203
1258,748692773788876800,4564,1471
1259,748699167502000129,5100,1766
1260,748705597323898880,2980,1042
1261,748932637671223296,6309,2488
1262,748977405889503236,11574,3770
1263,749036806121881602,3341,864
1264,749064354620928000,5166,1674
1265,749317047558017024,5920,2448
1266,749395845976588288,9272,3833
1267,749403093750648834,2833,605
1268,749417653287129088,6582,1848
1269,749774190421639168,5013,1448
1270,749981277374128128,5514,2711
1271,749996283729883136,3264,891
1272,750011400160841729,3494,1005
1273,750026558547456000,2924,871
1274,750041628174217216,3426,685
1275,750056684286914561,3376,983
1276,750071704093859840,8456,3699
1277,750086836815486976,2342,600
1278,750101899009982464,3287,931
1279,750117059602808832,4658,1435
1280,750132105863102464,3912,1399
1281,750147208377409536,3338,1069
1282,750383411068534784,4900,1261
1283,750429297815552001,14235,4785
1284,750506206503038976,4811,1273
1285,750719632563142656,14274,5591
1286,750868782890057730,5180,1543
1287,751132876104687617,5496,1441
1288,751205363882532864,6810,2023
1289,751251247299190784,13511,6507
1290,751456908746354688,3459,1095
1291,751538714308972544,5436,1402
1292,751583847268179968,4765,1237
1293,751598357617971201,8528,3347
1294,751830394383790080,6271,2166
1295,751937170840121344,5641,1486
1296,752173152931807232,6431,2050
1297,752309394570878976,0,18483
1298,752334515931054080,4127,1222
1299,752519690950500352,7966,3809
1300,752660715232722944,4768,1744
1301,752682090207055872,6493,1786
1302,752917284578922496,7428,1740
1303,753026973505581056,4210,1080
1304,753294487569522689,3682,1156
1305,753375668877008896,8229,2582
1306,753398408988139520,6253,2120
1307,753420520834629632,8557,3956
1308,753655901052166144,6322,2422
1309,754011816964026368,9513,3990
1310,754120377874386944,8469,2583
1311,754449512966619136,4061,817
1312,754482103782404096,5731,2154
1313,754747087846248448,2786,578
1314,754856583969079297,7431,2792
1315,754874841593970688,0,8907
1316,755110668769038337,22937,12289
1317,755206590534418437,17796,5964
1318,755955933503782912,7936,3194
1319,756275833623502848,6963,1698
1320,756288534030475264,45953,19386
1321,756303284449767430,4274,1198
1322,756526248105566208,11256,4023
1323,756651752796094464,5484,1468
1324,756939218950160384,7189,2225
1325,756998049151549440,6773,2206
1326,757354760399941633,4886,1583
1327,757393109802180609,6314,1938
1328,757400162377592832,16399,7565
1329,757596066325864448,4714,1177
1330,757597904299253760,0,322
1331,757611664640446465,4924,1238
1332,757725642876129280,4913,1355
1333,757729163776290825,0,9033
1334,757741869644341248,7450,3602
1335,758041019896193024,2937,421
1336,758355060040593408,3715,1206
1337,758405701903519748,5621,2135
1338,758467244762497024,5197,2471
1339,758474966123810816,4131,1100
1340,758740312047005698,6192,1776
1341,758828659922702336,12099,4248
1342,758854675097526272,3837,993
1343,759047813560868866,7055,2242
1344,759099523532779520,15741,4659
1345,759159934323924993,0,1307
1346,759197388317847553,6563,2159
1347,759447681597108224,9215,2733
1348,759557299618865152,5085,1305
1349,759566828574212096,0,23546
1350,759793422261743616,6464,2120
1351,759846353224826880,7268,2208
1352,759923798737051648,15907,6322
1353,760190180481531904,6182,2013
1354,760252756032651264,4262,960
1355,760290219849637889,28999,12771
1356,760539183865880579,8212,4037
1357,760641137271070720,5367,1438
1358,760656994973933572,7156,2138
1359,760893934457552897,4140,1078
1360,761004547850530816,12208,3848
1361,761227390836215808,5766,1721
1362,761292947749015552,4834,1229
1363,761334018830917632,5650,1612
1364,761371037149827077,0,19930
1365,761599872357261312,4479,1308
1366,761672994376806400,53651,32359
1367,761745352076779520,4614,951
1368,761750502866649088,0,4397
1369,761976711479193600,5861,2248
1370,762035686371364864,34666,17398
1371,762316489655476224,5228,1256
1372,762464539388485633,11220,4694
1373,762471784394268675,12246,7272
1374,762699858130116608,13206,4046
1375,763103485927849985,7971,2533
1376,763183847194451968,5877,1652
1377,763837565564780549,13690,4663
1378,764259802650378240,6568,1695
1379,764857477905154048,6949,1966
1380,765222098633691136,12607,3771
1381,765371061932261376,7687,2402
1382,765395769549590528,28563,3778
1383,765669560888528897,5624,1360
1384,765719909049503744,7836,2403
1385,766008592277377025,4050,554
1386,766069199026450432,4642,973
1387,766078092750233600,0,2889
1388,766313316352462849,7350,2106
1389,766423258543644672,6536,1775
1390,766693177336135680,4377,883
1391,766793450729734144,5516,1521
1392,767122157629476866,10969,3181
1393,767191397493538821,13328,4267
1394,767500508068192258,8121,2605
1395,767754930266464257,17409,6026
1396,767884188863397888,5163,1574
1397,768193404517830656,11840,3956
1398,768473857036525572,14763,3828
1399,768596291618299904,5462,1425
1400,768609597686943744,4473,1349
1401,768855141948723200,4561,1002
1402,768970937022709760,15648,7319
1403,769212283578875904,5865,1916
1404,769695466921623552,6943,1861
1405,769940425801170949,34165,10788
1406,770069151037685760,8227,2572
1407,770093767776997377,0,3395
1408,770293558247038976,6765,1666
1409,770414278348247044,6838,2307
1410,770655142660169732,7953,1951
1411,770772759874076672,5635,1580
1412,770787852854652928,5383,1369
1413,771004394259247104,0,246
1414,771014301343748096,7469,1848
1415,771102124360998913,6749,1605
1416,771136648247640064,9983,3263
1417,771171053431250945,0,8452
1418,771380798096281600,11448,5719
1419,771500966810099713,8978,2928
1420,771770456517009408,13053,3800
1421,772102971039580160,4353,1035
1422,772114945936949249,2939,527
1423,772117678702071809,4071,818
1424,772152991789019136,4098,1260
1425,772193107915964416,6529,1551
1426,772581559778025472,7034,1899
1427,772615324260794368,0,3771
1428,772826264096874500,8669,2603
1429,772877495989305348,9339,4355
1430,773191612633579521,10865,4601
1431,773247561583001600,10189,3586
1432,773308824254029826,25250,8375
1433,773547596996571136,23984,6915
1434,773670353721753600,5788,1451
1435,773704687002451968,7170,1835
1436,773922284943896577,6945,1933
1437,773985732834758656,11685,4351
1438,774314403806253056,23662,6262
1439,774639387460112384,7311,1950
1440,774757898236878852,9288,1977
1441,775085132600442880,16929,5302
1442,775364825476165632,8097,3350
1443,775729183532220416,14060,5133
1444,775733305207554048,15069,4489
1445,775842724423557120,12742,3010
1446,775898661951791106,0,17344
1447,776088319444877312,2000,171
1448,776113305656188928,12797,4891
1449,776201521193218049,10445,2823
1450,776218204058357768,32675,17927
1451,776477788987613185,9654,3148
1452,776813020089548800,5315,1357
1453,776819012571455488,0,15383
1454,777189768882946048,15587,4846
1455,777621514455814149,9538,2799
1456,777641927919427584,0,4785
1457,777684233540206592,12242,3298
1458,777885040357281792,6919,1843
1459,778027034220126208,7145,1825
1460,778039087836069888,9229,2964
1461,778286810187399168,11309,3717
1462,778383385161035776,6374,1233
1463,778396591732486144,0,13748
1464,778408200802557953,14862,4882
1465,778624900596654080,5067,1137
1466,778650543019483137,6297,1680
1467,778748913645780993,7524,1501
1468,778990705243029504,21829,8187
1469,779056095788752897,16139,5085
1470,779123168116150273,12875,4092
1471,779377524342161408,9631,3504
1472,779834332596887552,20769,7965
1473,780192070812196864,9506,2520
1474,780459368902959104,5763,1193
1475,780476555013349377,0,133
1476,780496263422808064,0,4179
1477,780543529827336192,6875,1953
1478,780601303617732608,13201,3742
1479,780800785462489090,6018,1458
1480,780858289093574656,7835,2243
1481,780931614150983680,23603,8270
1482,781163403222056960,10655,3065
1483,781251288990355457,9218,2365
1484,781524693396357120,22652,6220
1485,781661882474196992,11401,3046
1486,781955203444699136,12106,3785
1487,782021823840026624,0,7022
1488,782305867769217024,18212,6259
1489,782598640137187329,8509,2117
1490,782722598790725632,18845,6056
1491,782747134529531904,8147,1567
1492,782969140009107456,26364,8281
1493,783085703974514689,8894,2494
1494,783334639985389568,31946,13198
1495,783347506784731136,0,6325
1496,783391753726550016,18468,6213
1497,783466772167098368,9252,2539
1498,783695101801398276,11398,3624
1499,783821107061198850,8044,2216
1500,783839966405230592,32880,12188
1501,784431430411685888,6211,1443
1502,784517518371221505,9807,2860
1503,784826020293709826,11093,3627
1504,785170936622350336,13229,5488
1505,785264754247995392,7949,1849
1506,785533386513321988,9969,2268
1507,785639753186217984,8536,2494
1508,785872687017132033,7311,2062
1509,785927819176054784,12434,3555
1510,786036967502913536,0,7965
1511,786233965241827333,16769,5398
1512,786363235746385920,11930,3955
1513,786595970293370880,10280,3501
1514,786664955043049472,11681,2898
1515,786709082849828864,19890,6861
1516,786963064373534720,29062,9034
1517,787322443945877504,8532,1971
1518,787397959788929025,11856,3192
1519,787717603741622272,11172,3134
1520,787810552592695296,9496,3439
1521,788039637453406209,6713,1493
1522,788070120937619456,0,3848
1523,788150585577050112,6729,1469
1524,788178268662984705,7912,2402
1525,788412144018661376,17076,5985
1526,788765914992902144,30020,11631
1527,788908386943430656,29972,13991
1528,789137962068021249,10630,3149
1529,789268448748703744,9981,2923
1530,789530877013393408,12868,3810
1531,789599242079838210,7429,2181
1532,789628658055020548,8254,2011
1533,789986466051088384,10135,2617
1534,790277117346975746,13746,3629
1535,790337589677002753,8562,2106
1536,790581949425475584,22635,8081
1537,790698755171364864,8979,2149
1538,790723298204217344,0,2617
1539,790946055508652032,18183,5310
1540,790987426131050500,10835,2413
1541,791026214425268224,0,4663
1542,791312159183634433,9625,2864
1543,791406955684368384,14374,4638
1544,791672322847637504,12854,3530
1545,792050063153438720,7859,2029
1546,792394556390137856,14778,4845
1547,792773781206999040,8033,1897
1548,792883833364439040,12384,4824
1549,792913359805018113,15717,4541
1550,793120401413079041,13883,4400
1551,793135492858580992,7062,2801
1552,793150605191548928,6750,1930
1553,793165685325201412,10282,3146
1554,793180763617361921,7569,2240
1555,793195938047070209,16720,6341
1556,793210959003287553,9770,3184
1557,793226087023144960,10761,3227
1558,793241302385262592,11535,3705
1559,793256262322548741,21862,9405
1560,793271401113350145,9441,2662
1561,793286476301799424,26963,10382
1562,793500921481273345,11706,2691
1563,793601777308463104,8720,1848
1564,793614319594401792,0,3530
1565,793845145112371200,10071,2119
1566,793962221541933056,18448,5532
1567,794205286408003585,10080,3753
1568,794332329137291264,10450,2988
1569,794355576146903043,0,11631
1570,794926597468000259,11249,2615
1571,794983741416415232,0,3810
1572,795076730285391872,17767,6126
1573,795400264262053889,11054,3236
1574,795464331001561088,54559,26909
1575,796031486298386433,11818,4172
1576,796080075804475393,9246,2614
1577,796116448414461957,9931,2735
1578,796149749086875649,35440,16168
1579,796177847564038144,0,16168
1580,796387464403357696,12063,4704
1581,796484825502875648,8296,1990
1582,796759840936919040,12985,3455
1583,796865951799083009,8390,2142
1584,797236660651966464,21885,7486
1585,797545162159308800,15883,5473
1586,797971864723324932,12752,3552
1587,798209839306514432,11342,2876
1588,798340744599797760,0,3800
1589,798628517273620480,0,2215
1590,798644042770751489,0,2089
1591,798665375516884993,0,4390
1592,798673117451325440,0,6275
1593,798694562394996736,0,5625
1594,798697898615730177,0,7355
1595,798925684722855936,8110,1618
1596,798933969379225600,14410,5061
1597,799063482566066176,8844,2779
1598,799297110730567681,10845,3134
1599,799422933579902976,8789,2156
1600,799757965289017345,9190,2439
1601,799774291445383169,0,5302
1602,800018252395122689,31060,14890
1603,800141422401830912,16727,2895
1604,800388270626521089,12199,3155
1605,800443802682937345,0,4891
1606,800459316964663297,10328,2423
1607,800513324630806528,14377,3394
1608,800751577355128832,11465,3123
1609,801115127852503040,8823,2357
1610,801167903437357056,26825,6725
1611,801285448605831168,6630,936
1612,801538201127157760,8951,2323
1613,801958328846974976,8438,1928
1614,802239329049477120,9909,2936
1615,802265048156610565,6926,1531
1616,802323869084381190,17769,6597
1617,802572683846291456,9770,2827
1618,802624713319034886,0,3298
1619,802952499103731712,9863,2262
1620,803276597545603072,10966,2785
1621,803380650405482500,8459,2097
1622,803638050916102144,12011,4682
1623,803692223237865472,0,8396
1624,803773340896923648,10982,3124
1625,804026241225523202,48751,18290
1626,804413760345620481,0,3627
1627,804738756058218496,15012,4344
1628,805207613751304193,8496,1915
1629,805487436403003392,9566,2855
1630,805520635690676224,6260,1866
1631,805826884734976000,7182,2066
1632,805932879469572096,9026,2140
1633,805958939288408065,0,6056
1634,806219024703037440,7002,1352
1635,806242860592926720,0,13198
1636,806542213899489280,11145,2675
1637,806629075125202948,82205,39449
1638,807010152071229440,14226,4298
1639,807059379405148160,0,8281
1640,807106840509214720,123060,61138
1641,807621403335917568,15932,4151
1642,808001312164028416,13734,3979
1643,808106460588765185,9516,2458
1644,808134635716833280,0,6725
1645,808501579447930884,12321,2918
1646,808733504066486276,8620,2439
1647,808838249661788160,11022,3425
1648,809084759137812480,14411,3952
1649,809220051211603969,21775,6337
1650,809448704142938112,7562,1658
1651,809808892968534016,0,5532
1652,809920764300447744,16898,4389
1653,810254108431155201,16028,3782
1654,810284430598270976,38740,12900
1655,810657578271330305,11968,2972
1656,810896069567610880,9866,2010
1657,810984652412424192,5825,1609
1658,811386762094317568,22805,7205
1659,811627233043480576,13981,3533
1660,811744202451197953,8236,1818
1661,811985624773361665,7935,1587
1662,812372279581671427,14928,4131
1663,812466873996607488,8719,2170
1664,812503143955202048,6637,1380
1665,812709060537683968,7222,1609
1666,812781120811126785,8248,2150
1667,813051746834595840,22835,8235
1668,813066809284972545,8662,2186
1669,813081950185472002,10774,3118
1670,813096984823349248,11463,4072
1671,813112105746448384,11258,3103
1672,813127251579564032,12939,3527
1673,813142292504645637,9164,2654
1674,813157409116065792,8440,2490
1675,813172488309972993,10183,2165
1676,813187593374461952,21630,4914
1677,813202720496779264,9988,2021
1678,813217897535406080,20358,8202
1679,813800681631023104,9095,1983
1680,813812741911748608,39594,15769
1681,813910438903693312,10117,2116
1682,813944609378369540,0,3629
1683,814153002265309185,31320,9774
1684,814530161257443328,9449,2086
1685,814638523311648768,12284,3046
1686,814986499976527872,8318,1456
1687,815390420867969024,11245,4270
1688,815639385530101762,8960,1849
1689,815736392542261248,10708,2550
1690,815966073409433600,24489,9562
1691,815990720817401858,5440,1178
1692,816014286006976512,0,5971
1693,816091915477250048,9711,2417
1694,816336735214911488,9368,2197
1695,816450570814898180,33292,9106
1696,816697700272001025,10665,2471
1697,816816676327063552,10879,2292
1698,816829038950027264,0,5309
1699,817056546584727552,9321,1855
1700,817120970343411712,13209,2942
1701,817171292965273600,9493,2257
1702,817181837579653120,0,9562
1703,817415592588222464,6118,1079
1704,817423860136083457,37288,16867
1705,817536400337801217,12834,3404
1706,817777686764523521,11634,2991
1707,817827839487737858,56416,30420
1708,818145370475810820,13375,2915
1709,818259473185828864,11969,2558
1710,818536468981415936,11877,2782
1711,818588835076603904,0,6915
1712,818614493328580609,10729,2895
1713,818627210458333184,24119,8348
1714,819004803107983360,93742,41031
1715,819006400881917954,48984,21167
1716,819015331746349057,0,21167
1717,819015337530290176,0,41031
1718,819227688460238848,25093,7500
1719,819347104292290561,7848,1348
1720,819588359383371776,10381,2209
1721,819711362133872643,14604,3516
1722,819924195358416896,13980,5429
1723,819952236453363712,5783,1325
1724,820078625395449857,21473,7039
1725,820314633777061888,3620,633
1726,820446719150292993,0,2895
1727,820690176645140481,13258,3620
1728,820749716845686786,34271,11138
1729,821044531881721856,13715,2563
1730,821107785811234820,10421,2387
1731,821149554670182400,9482,2258
1732,821407182352777218,12798,4888
1733,821522889702862852,8690,1976
1734,821765923262631936,9143,1862
1735,821813639212650496,0,3742
1736,821886076407029760,12328,2625
1737,822244816520155136,38001,11027
1738,822462944365645825,31019,16547
1739,822489057087389700,19662,7168
1740,822610361945911296,15993,3317
1741,822647212903690241,0,7168
1742,822859134160621569,14293,2553
1743,822872901745569793,143456,49150
1744,822975315408461824,18749,3849
1745,823269594223824897,0,11027
1746,823322678127919110,17061,4506
1747,823581115634085888,14106,2960
1748,823699002998870016,13595,2696
1749,823939628516474880,11524,3028
1750,824297048279236611,16257,4315
1751,824325613288833024,12740,11591
1752,824663926340194305,10892,1942
1753,824775126675836928,16200,3939
1754,824796380199809024,0,6126
1755,825026590719483904,6875,1440
1756,825147591692263424,19789,5109
1757,825535076884762624,56216,19199
1758,825829644528148480,13759,2777
1759,825876512159186944,11304,2088
1760,826115272272650244,16936,3489
1761,826204788643753985,5263,1049
1762,826240494070030336,14325,2888
1763,826476773533745153,19885,4680
1764,826598365270007810,10875,2618
1765,826848821049180160,39439,11452
1766,826958653328592898,23315,5576
1767,827199976799354881,11424,2499
1768,827324948884643840,17148,3409
1769,827600520311402496,8007,1053
1770,827653905312006145,16666,3343
1771,827933404142436356,21732,5820
1772,828011680017821696,11161,2384
1773,828046555563323392,12690,3181
1774,828372645993398273,13507,3255
1775,828376505180889089,7972,1185
1776,828381636999917570,13609,2471
1777,828408677031882754,8239,1423
1778,828409743546925057,6768,1275
1779,828650029636317184,10257,1493
1780,828708714936930305,39449,12484
1781,828770345708580865,27529,6536
1782,829011960981237760,57075,18052
1783,829141528400556032,26405,8242
1784,829374341691346946,37315,10369
1785,829449946868879360,11286,2261
1786,829501995190984704,34172,11791
1787,829861396166877184,13175,2185
1788,829878982036299777,0,5576
1789,830097400375152640,10577,3348
1790,830583320585068544,72012,18725
1791,830956169170665475,8575,1670
1792,831262627380748289,12814,2278
1793,831309418084069378,12581,2706
1794,831315979191906304,6991,1233
1795,831322785565769729,9856,1691
1796,831552930092285952,9689,2555
1797,831650051525054464,7725,2168
1798,831670449226514432,11230,2011
1799,831911600680497154,29734,7237
1800,831939777352105988,25811,6816
1801,832032802820481025,19203,5169
1802,832040443403784192,0,10788
1803,832215726631055365,0,10381
1804,832273440279240704,12137,2588
1805,832369877331693569,18419,3532
1806,832397543355072512,12848,2471
1807,832636094638288896,17031,3101
1808,832757312314028032,18051,4010
1809,832769181346996225,0,42
1810,832998151111966721,14283,2453
1811,833124694597443584,21682,5362
1812,833479644947025920,15957,2284
1813,833722901757046785,22180,3541
1814,833826103416520705,16446,3801
1815,833863086058651648,14373,2659
1816,834086379323871233,13999,2448
1817,834167344700198914,16879,4013
1818,834209720923721728,22102,5296
1819,834458053273591808,10311,1849
1820,834574053763584002,14700,2805
1821,834786237630337024,22612,6025
1822,834931633769889797,11608,1823
1823,835152434251116546,24073,3344
1824,835172783151792128,27985,6345
1825,835264098648616962,8318,1877
1826,835297930240217089,17545,3299
1827,835574547218894849,19067,4001
1828,836001077879255040,20469,4748
1829,836260088725786625,22732,4727
1830,836380477523124226,15741,3240
1831,836677758902222849,13493,2449
1832,836753516572119041,20587,5086
1833,836989968035819520,13621,2529
1834,837110210464448512,17119,2641
1835,837366284874571778,22604,5831
1836,837471256429613056,13703,2548
1837,837482249356513284,4111,488
1838,837820167694528512,36554,8670
1839,838083903487373313,18838,3463
1840,838476387338051585,24174,5305
1841,838561493054533637,11655,1460
1842,838916489579200512,0,37
1843,838921590096166913,11933,2281
1844,839239871831150596,29042,7197
1845,839290600511926273,0,155
1846,839549326359670784,29382,8536
1847,839990271299457024,14330,2524
1848,840268004936019968,20555,6289
1849,840370681858686976,17563,5006
1850,840632337062862849,9577,1926
1851,840696689258311684,13113,1082
1852,841077006473256960,24417,5810
1853,841314665196081154,16925,5153
1854,841439858740625411,13448,4025
1855,841680585030541313,27275,8482
1856,841833993020538882,0,16867
1857,842115215311396866,14914,3303
1858,842163532590374912,26058,6340
1859,842535590457499648,19230,3823
1860,842765311967449089,7173,1398
1861,842846295480000512,16161,3911
1862,843235543001513987,22837,6615
1863,843604394117681152,17932,2987
1864,843856843873095681,22726,5048
1865,844223788422217728,14462,2389
1866,844580511645339650,17484,3421
1867,844704788403113984,41115,11288
1868,844973813909606400,16050,3504
1869,844979544864018432,14464,2823
1870,845306882940190720,24738,5868
1871,845397057150107648,8088,1987
1872,845677943972139009,26605,5203
1873,845812042753855489,31046,9518
1874,846042936437604353,16929,3135
1875,846153765933735936,33602,9852
1876,846514051647705089,47302,12627
1877,846874817362120707,21248,4268
1878,847116187444137987,22650,3459
1879,847157206088847362,21118,6352
1880,847251039262605312,21579,4650
1881,847606175596138505,19807,3668
1882,847842811428974592,5803,1463
1883,847962785489326080,24793,5548
1884,847971574464610304,0,465
1885,848212111729840128,17257,3336
1886,848324959059550208,26111,4978
1887,848690551926992896,26576,4674
1888,849051919805034497,44717,9219
1889,849336543269576704,12044,2044
1890,849412302885593088,16708,3386
1891,849776966551130114,32060,8212
1892,850019790995546112,21517,5289
1893,850145622816686080,17165,4126
1894,850380195714523136,13708,2815
1895,850753642995093505,32628,10021
1896,851224888060895234,21690,6166
1897,851464819735769094,25440,7605
1898,851591660324737024,16985,3721
1899,851861385021730816,0,23
1900,851953902622658560,0,10369
1901,852189679701164033,11990,1695
1902,852226086759018497,20937,7326
1903,852311364735569921,34679,10617
1904,852553447878664193,17132,3763
1905,852672615818899456,15608,2304
1906,852912242202992640,9451,1973
1907,853299958564483072,16206,3811
1908,853639147608842240,36412,10860
1909,853760880890318849,29801,6193
1910,854010172552949760,16843,3348
1911,854120357044912130,33232,7982
1912,854365224396361728,19648,4995
1913,854482394044301312,30471,7329
1914,854732716440526848,23718,6494
1915,855459453768019968,31036,8729
1916,855851453814013952,46982,18702
1917,856282028240666624,28589,6673
1918,856526610513747968,12212,1988
1919,856543823941562368,16815,3042
1920,857029823797047296,19525,4219
1921,857263160327368704,20636,4769
1922,857393404942143489,6105,1718
1923,857746408056729600,35312,11159
1924,857989990357356544,16605,2716
1925,858107933456039936,16199,3058
1926,858471635011153920,22151,5085
1927,858843525470990336,15991,3647
1928,859074603037188101,34880,14274
1929,859196978902773760,92476,31734
1930,859607811541651456,19106,1651
1931,859851578198683649,15814,3664
1932,859924526012018688,20058,4291
1933,860184849394610176,17131,6114
1934,860276583193509888,18781,3633
1935,860524505164394496,24227,5516
1936,860563773140209665,7703,2256
1937,860924035999428608,0,854
1938,861005113778896900,17152,3981
1939,861288531465048066,17623,4347
1940,861383897657036800,36945,11154
1941,862096992088072192,76421,24310
1942,862457590147678208,21037,5176
1943,862722525377298433,17472,3686
1944,862831371563274240,19616,5284
1945,863062471531167744,8737,2576
1946,863079547188785154,8964,1145
1947,863432100342583297,24321,5480
1948,863553081350529029,15611,4339
1949,863907417377173506,21059,4299
1950,864197398364647424,30812,9292
1951,864279568663928832,14923,3162
1952,864873206498414592,32956,9043
1953,865006731092295680,28550,7947
1954,865359393868664832,26989,5183
1955,865718153858494464,26076,5804
1956,866334964761202691,53571,14985
1957,866450705531457537,124463,36460
1958,866686824827068416,19675,3608
1959,867051520902168576,32774,8142
1960,867072653475098625,0,131
1961,867421006826221569,16404,2592
1962,867774946302451713,34490,7562
1963,867900495410671616,24508,4302
1964,868552278524837888,10308,2159
1965,868622495443632128,27596,5941
1966,868880397819494401,66472,14937
1967,869227993411051520,20666,3900
1968,869596645499047938,16163,3219
1969,869702957897576449,28564,6502
1970,869772420881756160,42851,10318
1971,870063196459192321,37041,8576
1972,870308999962521604,22023,4257
1973,870374049280663552,83438,26879
1974,870656317836468226,12546,2710
1975,870804317367881728,33913,6364
1976,871032628920680449,22827,3885
1977,871515927908634625,20357,3523
1978,871762521631449091,20390,3548
1979,871879754684805121,38291,11455
1980,872122724285648897,34650,8287
1981,872261713294495745,34440,6454
1982,872486979161796608,40920,9178
1983,872620804844003328,20894,3775
1984,872820683541237760,14787,3759
1985,872967104147763200,27512,5496
1986,873213775632977920,7298,1613
1987,873580283840344065,24351,4012
1988,874012996292530176,34808,10633
1989,874057562936811520,22724,4016
1990,874296783580663808,26136,4179
1991,874680097055178752,27925,4710
1992,875021211251597312,25549,4784
1993,875144289856114688,21976,4992
1994,875747767867523072,25260,4353
1995,876120275196170240,27987,4755
1996,876484053909872640,18809,2433
1997,876838120628539392,20711,3408
1998,877201837425926144,27191,5668
1999,877316821321428993,27397,5234
2000,877556246731214848,22795,3869
2001,877611172832227328,0,81
2002,877736472329191424,80022,19394
2003,878057613040115712,42109,6916
2004,878281511006478336,7767,1310
2005,878776093423087618,19396,4167
2006,879008229531029506,18987,2722
2007,879050749262655488,22623,4767
2008,879376492567855104,16786,3151
2009,879415818425184262,106011,44629
2010,879492040517615616,23432,3218
2011,879862464715927552,22325,3531
2012,880095782870896641,27658,4403
2013,880221127280381952,27111,4274
2014,880465832366813184,28556,6350
2015,880872448815771648,21319,3858
2016,880935762899988482,17020,2803
2017,881268444196462592,23087,5201
2018,881536004380872706,49501,16140
2019,881666595344535552,50603,10777
2020,881906580714921986,24317,3423
2021,882045870035918850,29389,5033
2022,882268110199369728,45019,11711
2023,882627270321602560,27917,6150
2024,882762694511734784,28339,4963
2025,882992080364220416,23970,3956
2026,883117836046086144,37249,6732
2027,883360690899218434,22576,3712
2028,883482846933004288,45994,10044
2029,883838122936631299,21915,3477
2030,884162670584377345,20403,3011
2031,884441805382717440,27000,5697
2032,884562892145688576,24314,4908
2033,884876753390489601,27959,5835
2034,884925521741709313,77578,18596
2035,885167619883638784,21964,4414
2036,885311592912609280,0,18725
2037,885528943205470208,36028,6488
2038,885984800019947520,32725,6867
2039,886258384151887873,28002,6339
2040,886366144734445568,21214,3219
2041,886680336477933568,22448,4504
2042,886736880519319552,12088,3324
2043,886983233522544640,35180,7830
2044,887101392804085760,30560,6005
2045,887343217045368832,33708,10489
2046,887473957103951883,69168,18383
2047,887517139158093824,46264,11755
2048,887705289381826560,30221,5437
2049,888078434458587136,21774,3522
2050,888554962724278272,19926,3612
2051,888804989199671297,25606,4382
2052,888917238123831296,29105,4528
2053,889278841981685760,25322,5475
2054,889531135344209921,15108,2254
2055,889638837579907072,27192,4579
2056,889665388333682689,48154,10143
2057,889880896479866881,27806,5008
2058,890006608113172480,30671,7395
2059,890240255349198849,31957,7475
2060,890609185150312448,27786,4299
2061,890729181411237888,65573,19045
2062,890971913173991426,11864,2088
2063,891087950875897856,20237,3136
2064,891327558926688256,40345,9476
2065,891689557279858688,42190,8707
2066,891815181378084864,25046,4190
2067,892177421306343426,33259,6313
2068,892420643555336193,38826,8592
